1 219
1 240
1 264
1 345
1 390
1 452
2 137
2 154
2 213
2 291
2 323
2 400
2 499
3 184
3 217
3 353
3 363
3 433
3 439
4 167
4 175
4 214
4 233
4 294
4 334
4 394
5 198
5 202
5 267
5 313
5 347
6 177
6 239
6 261
6 324
6 412
6 469
7 160
7 166
7 216
7 277
7 382
7 471
7 501
8 229
8 251
8 297
8 405
8 472
8 482
8 500
9 205
9 208
9 332
9 362
9 393
9 402
9 493
10 151
10 211
10 266
10 356
10 369
10 488
10 505
11 218
11 234
11 248
11 314
11 342
11 489
12 189
12 273
12 303
12 449
12 485
13 220
13 284
13 340
13 344
13 443
13 510
14 139
14 144
14 145
14 281
14 299
14 415
14 502
15 195
15 258
15 373
15 385
15 466
16 141
16 226
16 285
16 290
16 406
16 492
17 158
17 215
17 271
17 351
17 494
17 503
17 506
18 168
18 200
18 250
18 257
18 295
18 343
18 407
19 152
19 196
19 245
19 276
19 293
19 475
19 480
20 206
20 207
20 247
20 336
20 346
20 395
21 163
21 169
21 190
21 252
21 305
21 312
22 203
22 244
22 289
22 311
22 401
22 468
23 186
23 209
23 228
23 253
23 260
23 352
23 426
24 171
24 180
24 199
24 265
24 354
24 421
24 507
25 165
25 185
25 298
25 327
25 399
25 408
25 476
26 187
26 188
26 193
26 296
26 387
26 441
26 464
27 161
27 178
27 238
27 275
27 370
27 446
27 495
28 172
28 201
28 355
28 377
28 396
28 404
29 164
29 230
29 330
29 428
29 431
29 445
30 155
30 159
30 170
30 174
30 338
30 376
30 389
31 241
31 254
31 333
31 357
31 381
31 414
31 467
32 278
32 309
32 430
32 444
32 474
33 133
33 154
33 388
33 416
33 437
33 497
34 221
34 306
34 307
34 374
34 490
34 496
35 214
35 319
35 450
35 462
35 463
36 144
36 148
36 225
36 237
36 243
36 392
36 429
37 157
37 383
37 409
37 410
37 461
38 173
38 180
38 270
38 292
38 367
38 456
38 491
39 137
39 358
39 371
39 419
39 438
40 161
40 175
40 193
40 272
40 288
40 301
40 302
41 170
41 236
41 316
41 337
41 384
41 484
42 132
42 149
42 171
42 181
42 349
42 368
42 413
43 130
43 204
43 243
43 268
43 348
43 454
44 190
44 234
44 283
44 331
44 375
44 418
44 459
45 187
45 279
45 280
45 361
45 397
46 143
46 200
46 318
46 350
46 379
46 420
47 162
47 165
47 189
47 308
47 339
47 411
47 435
48 199
48 354
48 372
48 417
48 453
48 483
49 126
49 153
49 179
49 246
49 328
49 378
49 380
50 138
50 186
50 188
50 310
50 352
50 403
50 465
51 147
51 151
51 216
51 282
51 286
51 325
51 479
52 213
52 224
52 287
52 365
52 477
52 504
53 142
53 158
53 202
53 256
53 274
53 455
54 172
54 177
54 196
54 293
54 320
54 360
54 391
55 128
55 168
55 245
55 262
55 300
55 335
55 481
56 146
56 159
56 192
56 215
56 259
56 326
56 423
57 176
57 207
57 252
57 304
57 317
57 386
58 131
58 210
58 217
58 235
58 329
58 457
58 458
59 194
59 315
59 341
59 364
59 424
59 460
60 166
60 212
60 227
60 322
60 448
60 470
60 487
61 136
61 147
61 238
61 286
61 288
61 434
61 446
62 139
62 201
62 225
62 281
62 425
62 427
62 442
63 185
63 195
63 209
63 242
63 321
63 440
63 498
64 160
64 244
64 249
64 398
64 512
65 191
65 219
65 263
65 345
65 366
65 508
66 145
66 232
66 236
66 265
66 270
66 384
66 491
67 204
67 250
67 257
67 268
67 324
68 221
68 237
68 240
68 278
68 309
68 374
68 392
69 133
69 197
69 206
69 256
69 393
69 422
69 478
70 193
70 266
70 272
70 403
70 441
70 488
71 133
71 176
71 206
71 304
71 323
71 346
71 388
72 200
72 208
72 262
72 295
72 318
72 332
73 183
73 226
73 257
73 407
73 409
73 486
73 492
74 140
74 162
74 254
74 308
74 366
74 447
74 467
75 146
75 178
75 275
75 340
75 359
75 451
75 463
76 202
76 259
76 347
76 432
76 455
76 494
77 156
77 165
77 242
77 297
77 298
77 405
77 435
77 440
78 189
78 246
78 327
78 339
78 378
78 408
78 511
79 187
79 251
79 279
79 296
79 310
79 482
80 191
80 230
80 263
80 303
80 330
81 131
81 184
81 292
81 329
81 396
81 439
82 138
82 186
82 211
82 231
82 260
82 356
82 358
83 194
83 263
83 264
83 345
83 424
83 445
84 173
84 281
84 299
84 355
84 427
84 456
85 115
85 153
85 244
85 273
85 289
85 380
86 149
86 181
86 234
86 311
86 314
86 375
87 160
87 203
87 249
87 283
87 382
87 459
88 180
88 184
88 353
88 367
88 368
88 421
89 194
89 341
89 344
89 428
89 487
90 160
90 166
90 212
90 398
90 431
90 448
91 207
91 218
91 247
91 248
91 317
91 372
92 177
92 196
92 245
92 261
92 300
92 475
93 169
93 176
93 252
93 371
93 400
93 499
94 199
94 223
94 236
94 265
94 313
94 473
95 228
95 231
95 287
95 419
95 426
95 504
95 509
96 140
96 219
96 241
96 309
96 357
96 452
96 474
96 508
97 134
97 269
97 319
97 350
97 351
97 462
97 503
98 156
98 229
98 254
98 308
98 381
98 411
98 472
99 170
99 198
99 316
99 338
99 347
99 432
100 167
100 183
100 233
100 343
100 379
100 461
101 242
101 253
101 297
101 352
101 465
101 500
102 150
102 258
102 293
102 391
102 466
102 477
102 480
103 169
103 211
103 312
103 325
103 369
103 438
103 479
104 195
104 209
104 224
104 228
104 287
104 373
105 157
105 301
105 334
105 383
105 387
105 464
106 360
106 404
106 442
106 469
107 248
107 305
107 317
107 331
107 386
107 489
108 197
108 269
108 271
108 274
108 362
108 493
109 235
109 258
109 320
109 377
109 457
110 220
110 315
110 376
110 423
110 443
111 147
111 238
111 255
111 277
111 322
111 495
111 501
112 210
112 217
112 246
112 327
112 399
112 433
113 216
113 282
113 283
113 418
113 471
114 185
114 195
114 210
114 321
114 385
114 458
114 476
115 244
115 273
115 303
115 330
115 512
116 142
116 223
116 247
116 267
116 395
116 453
117 161
117 214
117 294
117 302
117 370
117 450
118 205
118 208
118 335
118 402
118 416
118 437
118 481
119 229
119 251
119 279
119 333
119 361
119 381
120 306
120 337
120 389
120 415
120 496
120 502
121 225
121 239
121 243
121 412
121 425
121 454
122 276
122 291
122 365
122 436
122 497
123 221
123 307
123 364
123 390
123 460
124 227
124 255
124 275
124 284
124 451
124 470
125 326
125 351
125 359
125 462
125 506
126 289
126 328
126 349
126 380
126 401
127 171
127 181
127 342
127 354
127 413
127 417
128 168
128 250
128 261
128 300
128 324
129 182
129 241
129 285
129 290
129 414
129 444
130 268
130 348
130 406
130 486
130 492
131 329
131 377
131 396
131 457
132 328
132 349
132 353
132 363
132 368
133 205
133 206
133 388
133 416
133 478
134 214
134 319
134 350
134 394
134 420
135 290
135 348
135 406
135 430
135 444
136 266
136 272
136 288
136 434
136 505
137 213
137 371
137 419
137 499
137 509
138 186
138 356
138 403
138 488
139 144
139 225
139 281
139 429
140 357
140 366
140 467
140 508
141 226
141 280
141 285
141 397
141 410
142 202
142 256
142 267
142 336
142 395
143 269
143 318
143 332
143 350
143 362
144 237
144 306
144 415
144 429
144 490
145 232
145 299
145 337
145 384
145 502
146 192
146 326
146 340
146 359
146 510
147 216
147 238
147 277
147 286
148 243
148 278
148 348
148 392
148 430
149 181
149 311
149 349
149 401
150 365
150 436
150 477
150 480
151 286
151 325
151 369
151 434
151 505
152 245
152 276
152 335
152 437
153 273
153 378
153 380
153 485
153 511
154 291
154 323
154 388
154 497
155 174
155 307
155 389
155 496
156 405
156 411
156 435
156 472
157 280
157 383
157 387
157 410
158 271
158 274
158 455
158 494
159 259
159 338
159 376
159 423
160 166
160 249
160 382
160 398
161 288
161 302
161 370
161 446
162 189
162 308
162 447
162 449
163 190
163 282
163 312
163 418
163 479
164 330
164 398
164 431
164 512
165 298
165 339
165 408
165 435
166 322
166 448
166 501
167 233
167 334
167 383
167 461
168 250
168 262
168 295
169 252
169 312
169 371
169 438
170 316
170 337
170 338
170 389
171 354
171 368
171 413
171 421
172 320
172 360
172 377
172 404
173 292
173 355
173 396
173 456
174 307
174 315
174 376
174 460
175 294
175 301
175 302
175 334
176 252
176 304
176 323
176 400
177 196
177 261
177 360
177 469
178 275
178 370
178 450
178 463
179 246
179 328
179 363
179 433
180 270
180 367
180 421
180 507
181 314
181 342
181 413
182 285
182 333
182 361
182 397
182 414
183 343
183 407
183 409
183 461
184 292
184 353
184 367
184 439
185 298
185 321
185 440
185 476
186 260
186 352
187 279
187 280
187 296
187 387
188 296
188 310
188 403
188 441
189 339
189 449
189 485
189 511
190 305
190 331
190 418
191 263
191 303
191 366
191 447
191 449
192 423
192 443
192 510
193 272
193 301
193 441
193 464
194 341
194 424
194 428
194 445
195 209
195 321
195 373
195 385
196 293
196 475
197 256
197 274
197 393
197 493
198 313
198 316
198 347
198 473
198 484
199 223
199 265
199 354
199 483
200 295
200 318
200 343
200 379
201 355
201 404
201 427
201 442
202 267
202 347
202 455
203 249
203 311
203 375
203 459
203 468
204 268
204 324
204 412
204 454
205 393
205 402
205 416
205 478
206 336
206 346
206 422
207 247
207 304
207 317
207 346
208 262
208 332
208 402
208 481
209 228
209 253
209 498
210 217
210 399
210 458
210 476
211 356
211 358
211 369
211 438
212 428
212 431
212 448
212 487
213 291
213 365
213 504
213 509
214 294
214 319
214 394
214 450
215 259
215 326
215 494
215 506
216 277
216 282
216 471
217 329
217 433
217 439
218 248
218 342
218 372
218 417
219 345
219 452
219 508
220 315
220 341
220 344
220 443
221 240
221 307
221 374
221 390
222 310
222 465
222 482
222 500
223 267
223 313
223 453
223 483
224 287
224 373
224 466
224 477
225 243
225 425
225 429
226 409
226 410
226 492
227 284
227 344
227 470
227 487
228 287
228 426
229 251
229 381
229 472
230 263
230 330
230 445
231 260
231 358
231 419
231 426
232 299
232 456
232 491
233 379
233 394
233 420
234 314
234 331
234 375
234 489
235 258
235 385
235 457
235 458
236 265
236 384
236 473
236 484
237 374
237 392
237 490
238 446
238 495
239 412
239 425
239 442
239 469
240 309
240 390
240 452
241 357
241 414
241 444
241 474
242 253
242 297
242 440
242 498
243 348
243 454
244 249
244 289
244 468
244 512
245 300
245 335
245 475
246 327
246 378
246 433
247 372
247 395
247 453
248 317
248 489
249 468
250 257
250 324
251 279
251 482
252 305
252 386
253 352
253 498
254 308
254 381
254 467
255 275
255 322
255 470
255 495
256 274
256 336
256 422
257 268
257 407
257 486
258 320
258 385
258 391
258 466
259 338
259 432
259 494
260 426
261 300
261 324
262 295
262 481
263 345
263 445
264 345
264 364
264 390
264 424
265 270
265 507
266 272
266 488
266 505
267 313
268 486
269 271
269 350
269 362
269 503
270 491
270 507
271 274
271 503
272 288
273 303
273 485
275 451
275 495
276 436
276 437
276 480
276 497
277 501
278 309
278 392
278 430
279 361
280 387
280 397
280 410
281 299
281 427
282 418
282 479
283 382
283 418
283 459
283 471
284 340
284 344
284 451
285 290
285 397
286 434
287 504
288 446
289 380
289 401
290 406
290 444
291 365
291 497
292 367
292 396
293 391
293 480
294 302
296 310
297 405
297 500
298 440
299 456
301 334
301 464
303 330
303 449
304 346
305 331
305 386
306 415
306 490
306 496
307 460
307 496
308 411
309 452
309 474
310 465
310 482
311 375
311 401
312 479
313 473
314 342
315 341
315 376
315 460
316 484
317 386
318 332
319 462
320 377
320 391
322 470
322 501
323 388
323 400
324 412
325 369
325 479
326 359
326 506
327 399
327 408
328 349
328 363
329 439
330 512
331 489
332 362
333 361
333 381
333 414
334 383
335 437
335 481
336 395
336 422
337 384
337 389
337 502
338 432
339 408
340 451
340 510
341 344
342 417
343 379
343 407
344 487
347 432
348 406
348 430
349 401
350 420
351 462
351 503
351 506
352 465
353 363
353 368
354 417
355 396
355 427
356 488
357 467
358 419
358 438
359 462
359 463
360 404
360 469
361 397
362 493
363 433
364 390
364 424
364 460
365 436
365 477
366 447
366 508
368 421
370 450
371 438
371 499
372 417
372 453
373 466
374 490
375 459
376 423
377 396
377 457
378 511
379 420
382 471
383 461
385 458
387 464
389 496
393 478
393 493
394 420
398 431
398 512
399 476
400 499
403 441
403 488
404 442
405 472
406 492
409 410
409 461
411 435
412 454
415 502
416 437
419 509
423 443
425 442
428 431
428 445
428 487
430 444
434 505
436 480
437 497
442 469
443 510
444 474
447 449
450 463
453 483
455 494
456 491
462 463
465 500
466 477
473 484
482 500
485 511
486 492
504 509
